17032555
17032556
17032557
17032558
17032559
17032560
17032561
17032562
17032563
17032564
17032565
17032566
17032567
17032568
17032569
17032570
17032571
17032572
17032573
17032574
17032575
17032576
17032577
17032578
17032579
17032580
17032581
17032582
17032583
17032584
17032585
17032586
17032587
17032588
17032589
17032590
17032591
17032592
17032593
17032594
17032595
17032596
17032597
17033040
17033042
17033044
17033045
17033046
17033047
17033048
17033050
17033051
17033052
17033055
17033056
17033057
17033058
17033059
17033060
17033061
17033062
17033063
17033064
17033065
17033079
17033080
17033081
17033361
17033362
17033772
17033773
17035672
17035673
17035674
17035678
17035679
17039789
17039790
17039791
17039792
17039793
17039794
17039825
17039826
17039827
17039828
17039829
17039830
17039831
17039832
17039833
17039834
17039835
17039836
17039837
17039838
17039841
17039842
17039843
17039844
17039877
17039878
17039879
17039880
17039885
17039886
17039889
17039890
17039891
17039892
17039895
17039896
17039897
17039898
17039899
17039900
17039907
17039908
17039920
17039921
17039922
17039923
17040237
17040238
17040239
17040241
17040242
17040245
17040246
17040253
17040257
17040258
17040259
17040278
17040279
17040280
17040281
17040282
17040283
17040285
17040384
17042092
17042094
17043249
17043250
17043251
17043252
17043253
17043254
17043255
17043259
17043347
17043366
17044731
17044732
17044733
17044734
17044735
17044736
17044737
17044738
BC_056_0_1
BC_057_0_1
BC_057_0_2
BC_059_0_1
BC_059_0_2
BC_060_1_1
BC_060_1_2
BC_061_0_1
BC_061_0_2
BC_062_0_1
BC_062_0_2
BC_063_0_1
BC_063_0_2
BC_065_0_1
BC_066_1_1
BC_067_0_1
BC_067_0_2
BC_068_0_1
BC_069_0_1
BC_096_1_1
BC_184_1_1
BC_184_1_2
BC_201_1_1
BC_201_1_2
BC_264_1_1
BC_268_1_1
BC_277_2_1
BC_277_2_2
BC_346_1_1
BC_346_1_2
BC_378_1_1
BC_388_1_1
BC_388_1_2
BC_514_1_1
BC_519_1_1
BC_519_1_2
BC_527_1_1
