TCGA-A8-A083-01Z-00-DX1 11848 28843 0
TCGA-A8-A084-01Z-00-DX1 49498 6243 0
TCGA-A7-A13D-01Z-00-DX2 17551 41925 0
TCGA-3C-AALI-01Z-00-DX1 30655 42218 0
TCGA-A8-A085-01Z-00-DX1 23690 7324 0
TCGA-A2-A0T2-01Z-00-DX1 86128 22831 0
TCGA-A7-A13E-01Z-00-DX2 10817 15124 0
TCGA-A8-A086-01Z-00-DX1 37429 61148 0
TCGA-3C-AALI-01Z-00-DX2 58008 18005 0
TCGA-A7-A13F-01Z-00-DX1 17136 6549 0
TCGA-A8-A08A-01Z-00-DX1 59612 9246 0
TCGA-A2-A0T3-01Z-00-DX1 18602 28523 0
TCGA-A7-A13F-01Z-00-DX2 77835 9818 0
TCGA-A7-A13G-01Z-00-DX1 8594 9394 0
TCGA-3C-AALJ-01Z-00-DX1 63695 20432 0
TCGA-A8-A08B-01Z-00-DX1 10986 51638 0
TCGA-A7-A13G-01Z-00-DX2 8213 4693 0
TCGA-A2-A0T4-01Z-00-DX1 76468 27530 0
TCGA-A8-A08F-01Z-00-DX1 33988 12309 0
TCGA-A8-A08G-01Z-00-DX1 23936 5382 0
TCGA-A7-A13H-01Z-00-DX1 66926 7541 0
TCGA-3C-AALJ-01Z-00-DX2 57282 10606 0
TCGA-A7-A13H-01Z-00-DX2 9300 5451 0
TCGA-A8-A08H-01Z-00-DX1 27971 49907 0
TCGA-A2-A0T5-01Z-00-DX1 38597 22467 0
TCGA-3C-AALK-01Z-00-DX1 45842 50874 0
TCGA-A7-A26E-01Z-00-DX1 76379 1819 0
TCGA-A8-A08I-01Z-00-DX1 43451 50969 0
TCGA-A7-A26F-01Z-00-DX1 67593 7898 0
TCGA-4H-AAAK-01Z-00-DX1 33285 8330 0
TCGA-A2-A0T6-01Z-00-DX1 20614 5459 0
TCGA-A8-A08J-01Z-00-DX1 70555 54050 0
TCGA-A7-A26G-01Z-00-DX1 19208 8690 0
TCGA-A2-A0T7-01Z-00-DX1 66167 6872 0
TCGA-5T-A9QA-01Z-00-DX1 53079 2970 0
TCGA-A7-A26H-01Z-00-DX1 76609 18622 0
TCGA-A8-A08L-01Z-00-DX1 18932 3226 0
TCGA-A8-A08O-01Z-00-DX1 26308 7360 0
TCGA-A7-A26I-01Z-00-DX1 6668 6050 0
TCGA-A8-A08P-01Z-00-DX1 9900 5818 0
TCGA-A1-A0SB-01Z-00-DX1 84978 43353 0
TCGA-A8-A08R-01Z-00-DX1 14007 7104 0
TCGA-A7-A26J-01Z-00-DX1 107052 5050 0
TCGA-A2-A0YC-01Z-00-DX1 51447 17653 0
TCGA-A8-A08S-01Z-00-DX1 24304 11407 0
TCGA-A8-A08T-01Z-00-DX1 24369 8400 0
TCGA-A8-A08X-01Z-00-DX1 6896 4976 0
TCGA-A1-A0SD-01Z-00-DX1 61000 30132 0
TCGA-A7-A2KD-01Z-00-DX1 20825 6971 0
TCGA-A8-A08Z-01Z-00-DX1 24314 52089 0
TCGA-A8-A090-01Z-00-DX1 11829 7311 0
TCGA-A7-A3IY-01Z-00-DX1 17311 5514 0
TCGA-A7-A3IZ-01Z-00-DX1 29376 12484 0
TCGA-A8-A091-01Z-00-DX1 32973 25446 0
TCGA-A2-A0YD-01Z-00-DX1 41016 24419 0
TCGA-A1-A0SE-01Z-00-DX1 76696 12883 0
TCGA-A7-A3J0-01Z-00-DX1 12061 15132 0
TCGA-A8-A092-01Z-00-DX1 20065 5821 0
TCGA-A7-A6VX-01Z-00-DX2 28234 4285 0
TCGA-A8-A093-01Z-00-DX1 31951 13343 0
TCGA-A7-A3J1-01Z-00-DX1 10424 10826 0
TCGA-A1-A0SF-01Z-00-DX1 32242 18014 0
TCGA-A7-A6VY-01Z-00-DX1 93489 7761 0
TCGA-A8-A09N-01Z-00-DX1 42869 75849 0
TCGA-A8-A094-01Z-00-DX1 22438 11397 0
TCGA-A8-A09Q-01Z-00-DX1 11023 4304 0
TCGA-A8-A06N-01Z-00-DX1 21970 15709 0
TCGA-A8-A095-01Z-00-DX1 21964 16131 0
TCGA-A8-A09R-01Z-00-DX1 8216 10750 0
TCGA-A2-A3XT-01Z-00-DX1 42432 5107 0
TCGA-A8-A096-01Z-00-DX1 14837 9278 0
TCGA-A8-A06O-01Z-00-DX1 13809 42501 0
TCGA-A8-A09T-01Z-00-DX1 12301 13564 0
TCGA-A2-A0YE-01Z-00-DX1 45647 31020 0
TCGA-A1-A0SH-01Z-00-DX1 55480 16902 0
TCGA-A8-A097-01Z-00-DX1 8835 7338 0
TCGA-A8-A09V-01Z-00-DX1 11027 12946 0
TCGA-A8-A06P-01Z-00-DX1 13342 10975 0
TCGA-A2-A0CR-01Z-00-DX1 98662 35329 0
TCGA-A8-A06Q-01Z-00-DX1 11422 4309 0
TCGA-A7-A3RF-01Z-00-DX1 11322 22406 0
TCGA-A8-A099-01Z-00-DX1 17887 12919 0
TCGA-A8-A09W-01Z-00-DX1 25633 8859 0
TCGA-A8-A06R-01Z-00-DX1 16789 5832 0
TCGA-A2-A3XV-01Z-00-DX1 35326 10837 0
TCGA-A8-A09A-01Z-00-DX1 4321 32946 0
TCGA-A8-A06T-01Z-00-DX1 23332 7768 0
TCGA-A8-A09B-01Z-00-DX1 19641 40040 0
TCGA-A2-A0CS-01Z-00-DX1 51690 12041 0
TCGA-A8-A06U-01Z-00-DX1 17444 30764 0
TCGA-A1-A0SI-01Z-00-DX1 51923 28949 0
TCGA-A2-A0YF-01Z-00-DX1 23415 25661 0
TCGA-A8-A06X-01Z-00-DX1 21373 14421 0
TCGA-A8-A09C-01Z-00-DX1 21525 29267 0
TCGA-A8-A06Y-01Z-00-DX1 15975 3891 0
TCGA-A2-A3XW-01Z-00-DX1 70694 11632 0
TCGA-A8-A09X-01Z-00-DX1 63320 20230 0
TCGA-A7-A425-01Z-00-DX1 70135 12920 0
TCGA-A8-A09D-01Z-00-DX1 15508 9913 0
TCGA-A8-A06Z-01Z-00-DX1 21942 4956 0
TCGA-A8-A09E-01Z-00-DX1 7332 6883 0
TCGA-A2-A0CT-01Z-00-DX1 28331 23759 0
TCGA-A8-A075-01Z-00-DX1 23044 17242 0
TCGA-A8-A09G-01Z-00-DX1 26936 10372 0
TCGA-A7-A4SA-01Z-00-DX1 91076 6871 0
TCGA-A1-A0SJ-01Z-00-DX1 27514 15445 0
TCGA-A2-A0YG-01Z-00-DX1 71808 15639 0
TCGA-A8-A09I-01Z-00-DX1 9469 19147 0
TCGA-A8-A09Z-01Z-00-DX1 46893 57057 0
TCGA-A2-A3XX-01Z-00-DX1 53212 17979 0
TCGA-A2-A0YH-01Z-00-DX1 37870 7424 0
TCGA-A8-A076-01Z-00-DX1 75089 43523 0
TCGA-A7-A4SB-01Z-00-DX1 10318 4042 0
TCGA-A8-A09K-01Z-00-DX1 45011 8414 0
TCGA-A8-A0A1-01Z-00-DX1 43579 43284 0
TCGA-A8-A079-01Z-00-DX1 19801 5386 0
TCGA-A1-A0SK-01Z-00-DX1 84165 6339 0
TCGA-A2-A0CU-01Z-00-DX1 26938 7661 0
TCGA-A2-A3XY-01Z-00-DX1 67209 14098 0
TCGA-A8-A07B-01Z-00-DX1 14466 7111 0
TCGA-A8-A09M-01Z-00-DX1 44679 14411 0
TCGA-A8-A0A2-01Z-00-DX1 23230 13336 0
TCGA-AC-A3OD-01Z-00-DX1 9136 13389 0
TCGA-A7-A4SC-01Z-00-DX1 92537 31425 0
TCGA-A2-A0YI-01Z-00-DX1 34004 11428 0
TCGA-A8-A07C-01Z-00-DX1 26258 9927 0
TCGA-AC-A3QP-01Z-00-DX1 16567 9411 0
TCGA-AC-A3QQ-01Z-00-DX1 10567 10140 0
TCGA-A8-A0A4-01Z-00-DX1 24208 76435 0
TCGA-A8-A0A7-01Z-00-DX1 15912 6893 0
TCGA-A1-A0SM-01Z-00-DX1 60793 28948 0
TCGA-A7-A4SD-01Z-00-DX1 114420 7269 0
TCGA-A8-A0A9-01Z-00-DX1 21981 4971 0
TCGA-A2-A0YJ-01Z-00-DX1 20630 14450 0
TCGA-A2-A3XZ-01Z-00-DX1 61646 12244 0
TCGA-A8-A0AB-01Z-00-DX1 22213 11227 0
TCGA-A8-A07E-01Z-00-DX1 32768 81085 0
TCGA-A2-A0CV-01Z-00-DX1 34238 54846 0
TCGA-A8-A0AD-01Z-00-DX1 8835 20893 0
TCGA-AC-A23C-01Z-00-DX1 4928 6144 0
TCGA-A7-A4SE-01Z-00-DX1 51394 6915 0
TCGA-AC-A3TM-01Z-00-DX1 38662 4355 0
TCGA-A7-A4SF-01Z-00-DX1 6076 10289 0
TCGA-AC-A23E-01Z-00-DX1 29489 10028 0
TCGA-AC-A23G-01Z-00-DX1 4312 13244 0
TCGA-A8-A07F-01Z-00-DX1 54464 24592 0
TCGA-A1-A0SN-01Z-00-DX1 15644 32087 0
TCGA-AC-A23H-01Z-00-DX1 25500 2242 0
TCGA-A2-A3Y0-01Z-00-DX1 51236 33315 0
TCGA-A2-A0CW-01Z-00-DX1 18011 26094 0
TCGA-AC-A3TN-01Z-00-DX1 16616 42233 0
TCGA-A8-A07G-01Z-00-DX1 12931 26523 0
TCGA-AC-A3W5-01Z-00-DX1 8989 4106 0
TCGA-A2-A0YK-01Z-00-DX1 66486 54716 0
TCGA-AC-A3W6-01Z-00-DX1 19003 7683 0
TCGA-AC-A2B8-01Z-00-DX1 5089 33159 0
TCGA-A7-A56D-01Z-00-DX1 5918 4721 0
TCGA-A8-A07I-01Z-00-DX1 28664 32104 0
TCGA-AC-A3W7-01Z-00-DX1 6342 8795 0
TCGA-AC-A2BK-01Z-00-DX1 32842 2594 0
TCGA-A2-A0CX-01Z-00-DX1 23401 47553 0
TCGA-A8-A07J-01Z-00-DX1 10991 5833 0
TCGA-A2-A0YL-01Z-00-DX1 19822 8218 0
TCGA-A8-A07L-01Z-00-DX1 10760 3443 0
TCGA-AC-A3YI-01Z-00-DX1 21063 36162 0
TCGA-A1-A0SP-01Z-00-DX1 33702 11090 0
TCGA-AC-A2BM-01Z-00-DX1 48983 4953 0
TCGA-A2-A4RW-01Z-00-DX1 41820 14505 0
TCGA-A8-A07O-01Z-00-DX1 7973 13793 0
TCGA-AC-A3YJ-01Z-00-DX1 12721 18422 0
TCGA-AC-A4ZE-01Z-00-DX1 8965 3793 0
TCGA-A8-A07P-01Z-00-DX1 15097 4321 0
TCGA-A7-A5ZV-01Z-00-DX1 37378 7522 0
TCGA-AC-A2FE-01Z-00-DX1 41447 16513 0
TCGA-A8-A07R-01Z-00-DX1 4744 10364 0
TCGA-A2-A0YM-01Z-00-DX1 51430 50289 0
TCGA-A7-A5ZW-01Z-00-DX1 105923 10800 0
TCGA-AC-A5EH-01Z-00-DX1 15462 8130 0
TCGA-A8-A07S-01Z-00-DX1 19220 14248 0
TCGA-A2-A4RX-01Z-00-DX1 25945 20461 0
TCGA-AC-A5EI-01Z-00-DX1 9161 1784 0
TCGA-A1-A0SQ-01Z-00-DX1 43591 19825 0
TCGA-AC-A2FF-01Z-00-DX1 26161 5737 0
TCGA-A2-A0CY-01Z-00-DX1 83423 11470 0
TCGA-AC-A5XS-01Z-00-DX1 18295 14290 0
TCGA-A8-A07U-01Z-00-DX1 26251 46501 0
TCGA-AC-A2FG-01Z-00-DX1 11321 7192 0
TCGA-A7-A5ZX-01Z-00-DX1 77388 6299 0
TCGA-AC-A2FK-01Z-00-DX1 5953 14366 0
TCGA-AC-A5XU-01Z-00-DX1 26516 6732 0
TCGA-AC-A2FM-01Z-00-DX1 40436 3179 0
TCGA-A2-A4RY-01Z-00-DX1 5477 4666 0
TCGA-A2-A0YT-01Z-00-DX1 15424 39106 0
TCGA-AC-A62V-01Z-00-DX1 10944 2389 0
TCGA-AC-A2FO-01Z-00-DX1 8544 20345 0
TCGA-A8-A07W-01Z-00-DX1 49152 66555 0
TCGA-AC-A62X-01Z-00-DX1 36572 8113 0
TCGA-AC-A2QH-01Z-00-DX1 27237 3667 0
TCGA-A8-A07Z-01Z-00-DX1 13395 12919 0
TCGA-AC-A62Y-01Z-00-DX1 19865 19680 0
TCGA-A8-A081-01Z-00-DX1 5181 12940 0
TCGA-AC-A6IV-01Z-00-DX1 7144 4589 0
TCGA-A7-A6VV-01Z-00-DX1 17164 10695 0
TCGA-A2-A0CZ-01Z-00-DX1 69315 38915 0
TCGA-AC-A2QI-01Z-00-DX1 16292 10760 0
TCGA-A2-A04N-01Z-00-DX1 45344 20106 0
TCGA-AC-A6IW-01Z-00-DX1 6350 8953 0
TCGA-A2-A4S0-01Z-00-DX1 53922 20125 0
TCGA-AC-A6IX-01Z-00-DX1 23878 20991 0
TCGA-AC-A2QJ-01Z-00-DX1 28293 10558 0
TCGA-AC-A6NO-01Z-00-DX1 40347 7555 0
TCGA-A2-A1FV-01Z-00-DX1 50735 20237 0
TCGA-AC-A3BB-01Z-00-DX1 25495 14673 0
TCGA-A8-A082-01Z-00-DX1 23451 14864 0
TCGA-A2-A4S1-01Z-00-DX1 61900 4465 0
TCGA-AC-A3EH-01Z-00-DX1 12067 10627 0
TCGA-AC-A7VB-01Z-00-DX1 3384 12691 0
TCGA-AC-A7VC-01Z-00-DX1 6752 2581 0
TCGA-A2-A0D0-01Z-00-DX1 50084 21358 0
TCGA-A2-A04P-01Z-00-DX1 5404 35243 0
TCGA-AC-A8OP-01Z-00-DX1 34214 11085 0
TCGA-A2-A1FW-01Z-00-DX1 50079 9289 0
TCGA-A7-A6VW-01Z-00-DX1 116453 6741 0
TCGA-AC-A3HN-01Z-00-DX1 26541 18796 0
TCGA-AN-A0FF-01Z-00-DX1 22828 5067 0
TCGA-A2-A4S2-01Z-00-DX1 77705 16670 0
TCGA-A2-A04Q-01Z-00-DX1 21612 15194 0
TCGA-AC-A8OQ-01Z-00-DX1 29880 7729 0
TCGA-AC-A8OR-01Z-00-DX1 8944 8979 0
TCGA-A7-A6VX-01Z-00-DX1 62519 5916 0
TCGA-A2-A1FX-01Z-00-DX1 57617 21537 0
TCGA-AC-A8OS-01Z-00-DX1 7739 12752 0
TCGA-AO-A0JJ-01Z-00-DX1 40881 2303 0
TCGA-A2-A04R-01Z-00-DX1 34453 6041 0
TCGA-A2-A4S3-01Z-00-DX1 28823 5889 0
TCGA-AN-A0FJ-01Z-00-DX1 118941 4858 0
TCGA-A2-A0D1-01Z-00-DX1 104798 2226 0
TCGA-A7-A0CD-01Z-00-DX1 15011 20172 0
TCGA-A2-A1FZ-01Z-00-DX1 31339 19553 0
TCGA-AO-A0JL-01Z-00-DX1 25217 1803 0
TCGA-AR-A0U4-01Z-00-DX1 35173 18201 0
TCGA-AN-A0AJ-01Z-00-DX1 128662 6676 0
TCGA-A2-A04T-01Z-00-DX1 65681 32063 0
TCGA-A2-A0D3-01Z-00-DX1 26623 51204 0
TCGA-AN-A0FK-01Z-00-DX1 98343 2631 0
TCGA-A2-A1G0-01Z-00-DX1 55141 13088 0
TCGA-AO-A0JM-01Z-00-DX1 16216 9213 0
TCGA-AR-A1AH-01Z-00-DX1 15949 41005 0
TCGA-A2-A1G1-01Z-00-DX1 43919 12113 0
TCGA-AN-A0AK-01Z-00-DX1 117372 10128 0
TCGA-A2-A0D4-01Z-00-DX1 32405 21350 0
TCGA-AN-A0FL-01Z-00-DX1 16158 10315 0
TCGA-A7-A0CE-01Z-00-DX1 62158 6917 0
TCGA-A2-A04U-01Z-00-DX1 85933 10155 0
TCGA-AO-A12A-01Z-00-DX1 34018 6707 0
TCGA-AR-A1AI-01Z-00-DX1 20004 6670 0
TCGA-A2-A1G4-01Z-00-DX1 42377 52741 0
TCGA-A2-A0EM-01Z-00-DX1 61344 44873 0
TCGA-AN-A0FN-01Z-00-DX1 108338 34864 0
TCGA-A7-A0CE-01Z-00-DX2 95989 6502 0
TCGA-AO-A12D-01Z-00-DX1 23489 1302 0
TCGA-AN-A0AL-01Z-00-DX1 123026 13568 0
TCGA-AR-A1AJ-01Z-00-DX1 28137 11536 0
TCGA-AN-A0AM-01Z-00-DX1 33810 13128 0
TCGA-A2-A04V-01Z-00-DX1 34793 20042 0
TCGA-A7-A0CG-01Z-00-DX1 19500 15489 0
TCGA-AR-A1AK-01Z-00-DX1 32725 10105 0
TCGA-AN-A0FS-01Z-00-DX1 13948 30118 0
TCGA-AO-A12F-01Z-00-DX1 20903 7709 0
TCGA-A2-A0EN-01Z-00-DX1 52419 23473 0
TCGA-A2-A1G6-01Z-00-DX1 94439 14910 0
TCGA-AR-A1AL-01Z-00-DX1 35801 43032 0
TCGA-AN-A0FV-01Z-00-DX1 15389 16819 0
TCGA-A7-A0CG-01Z-00-DX2 114999 10173 0
TCGA-AN-A0AR-01Z-00-DX1 116566 10322 0
TCGA-AN-A0FW-01Z-00-DX1 51990 21060 0
TCGA-A7-A0CH-01Z-00-DX1 20491 4464 0
TCGA-AN-A0AS-01Z-00-DX1 17443 4656 0
TCGA-AR-A1AM-01Z-00-DX1 24166 35114 0
TCGA-AN-A0FX-01Z-00-DX1 24092 6880 0
TCGA-AO-A12H-01Z-00-DX1 50141 20526 0
TCGA-A2-A04W-01Z-00-DX1 43496 10158 0
TCGA-A2-A0EO-01Z-00-DX1 29737 25192 0
TCGA-A7-A0CH-01Z-00-DX2 9342 1825 0
TCGA-AN-A0FY-01Z-00-DX1 24606 5063 0
TCGA-AN-A0FZ-01Z-00-DX1 25115 4850 0
TCGA-A7-A0CJ-01Z-00-DX1 11832 55931 0
TCGA-AR-A1AN-01Z-00-DX1 91183 5857 0
TCGA-AN-A0G0-01Z-00-DX1 36133 8672 0
TCGA-AO-A1KO-01Z-00-DX1 14709 14923 0
TCGA-A7-A0CJ-01Z-00-DX2 27383 3061 0
TCGA-AN-A0AT-01Z-00-DX1 120985 29176 0
TCGA-A2-A259-01Z-00-DX1 115424 26727 0
TCGA-AR-A1AO-01Z-00-DX1 101385 26331 0
TCGA-AO-A1KP-01Z-00-DX1 30525 5307 0
TCGA-A2-A0EP-01Z-00-DX1 72376 57441 0
TCGA-A7-A0D9-01Z-00-DX1 10404 8553 0
TCGA-A2-A04X-01Z-00-DX1 58845 44445 0
TCGA-AO-A03L-01Z-00-DX1 32985 18029 0
TCGA-A7-A0D9-01Z-00-DX2 8364 14690 0
TCGA-AR-A251-01Z-00-DX1 25703 12149 0
TCGA-AO-A1KQ-01Z-00-DX1 25414 4103 0
TCGA-AR-A1AP-01Z-00-DX1 4447 30748 0
TCGA-A2-A25A-01Z-00-DX1 13147 15374 0
TCGA-A2-A0ER-01Z-00-DX1 36839 7045 0
TCGA-AO-A03O-01Z-00-DX1 20620 3904 0
TCGA-A2-A04Y-01Z-00-DX1 36451 38310 0
TCGA-A7-A0DA-01Z-00-DX1 55692 4098 0
TCGA-AR-A1AQ-01Z-00-DX1 8903 12132 0
TCGA-A2-A0CK-01Z-00-DX1 48192 44171 0
TCGA-AO-A1KR-01Z-00-DX1 38280 20413 0
TCGA-AO-A03P-01Z-00-DX1 24075 12831 0
TCGA-A7-A0DA-01Z-00-DX2 98621 12466 0
TCGA-AR-A1AR-01Z-00-DX1 41876 19024 0
TCGA-A2-A25B-01Z-00-DX1 28132 5460 0
TCGA-AR-A252-01Z-00-DX1 7474 30334 0
TCGA-AO-A03T-01Z-00-DX1 31097 5017 0
TCGA-AO-A1KS-01Z-00-DX1 27513 15199 0
TCGA-A2-A0CL-01Z-00-DX1 61290 29821 0
TCGA-A2-A0ES-01Z-00-DX1 121098 63350 0
TCGA-AO-A03V-01Z-00-DX1 24537 15537 0
TCGA-A7-A0DB-01Z-00-DX1 163574 7319 0
TCGA-AO-A1KT-01Z-00-DX1 27420 25798 0
TCGA-AO-A0J2-01Z-00-DX1 33215 11641 0
TCGA-AR-A254-01Z-00-DX1 52621 5260 0
TCGA-AR-A1AS-01Z-00-DX1 103863 7083 0
TCGA-A2-A25C-01Z-00-DX1 26310 13161 0
TCGA-AR-A255-01Z-00-DX1 12143 18258 0
TCGA-A2-A0CM-01Z-00-DX1 42133 28374 0
TCGA-A7-A0DB-01Z-00-DX2 150016 4478 0
TCGA-A2-A0ET-01Z-00-DX1 68428 32631 0
TCGA-AQ-A04H-01Z-00-DX1 11601 13802 0
TCGA-AO-A0J3-01Z-00-DX1 10426 17031 0
TCGA-A7-A0DC-01Z-00-DX1 65766 14796 0
TCGA-AR-A2LE-01Z-00-DX1 50637 20204 0
TCGA-AR-A1AT-01Z-00-DX1 31540 8276 0
TCGA-AO-A0J4-01Z-00-DX1 32589 13437 0
TCGA-A2-A0CO-01Z-00-DX1 19602 35867 0
TCGA-A7-A13D-01Z-00-DX1 20413 16342 0
TCGA-A2-A25D-01Z-00-DX1 57273 13544 0
TCGA-A2-A0EU-01Z-00-DX1 35682 15911 0
TCGA-A2-A0CP-01Z-00-DX1 46568 18551 0
TCGA-AQ-A04J-01Z-00-DX1 74543 15812 0
TCGA-AR-A1AU-01Z-00-DX1 33162 10103 0
TCGA-AO-A0J5-01Z-00-DX1 25988 16151 0
TCGA-AR-A2LH-01Z-00-DX1 108642 42378 0
TCGA-AQ-A04L-01Z-00-DX1 38719 21911 0
TCGA-A2-A25E-01Z-00-DX1 41099 11106 0
TCGA-B6-A0IO-01Z-00-DX1 10257 8858 0
TCGA-AR-A1AV-01Z-00-DX1 35437 13130 0
TCGA-A2-A0CQ-01Z-00-DX1 110115 19534 0
TCGA-AO-A0J6-01Z-00-DX1 27722 0 0
TCGA-AR-A2LJ-01Z-00-DX1 44467 16412 0
TCGA-AQ-A0Y5-01Z-00-DX1 119726 24244 0
TCGA-A2-A0EV-01Z-00-DX1 128082 18957 0
TCGA-AR-A1AW-01Z-00-DX1 34399 18204 0
TCGA-B6-A0IP-01Z-00-DX1 92822 32411 0
TCGA-AO-A0J7-01Z-00-DX1 28099 1302 0
TCGA-AR-A2LK-01Z-00-DX1 52386 3443 0
TCGA-BH-A0AV-01Z-00-DX1 54662 22606 0
TCGA-A2-A0EW-01Z-00-DX1 15408 13450 0
TCGA-AQ-A54N-01Z-00-DX1 60670 18231 0
TCGA-A2-A25F-01Z-00-DX1 91816 8285 0
TCGA-AO-A0J8-01Z-00-DX1 31394 5111 0
TCGA-AR-A1AX-01Z-00-DX1 86267 10707 0
TCGA-A2-A0EX-01Z-00-DX1 54834 20565 0
TCGA-B6-A0IQ-01Z-00-DX1 62761 8459 0
TCGA-AR-A1AY-01Z-00-DX1 64760 7265 0
TCGA-AO-A0J9-01Z-00-DX1 43880 0 0
TCGA-A2-A3KC-01Z-00-DX1 46162 14511 0
TCGA-AR-A2LL-01Z-00-DX1 7886 5060 0
TCGA-BH-A0AW-01Z-00-DX1 36557 15318 0
TCGA-AQ-A54O-01Z-00-DX1 182363 3442 0
TCGA-B6-A0RE-01Z-00-DX1 62745 9683 0
TCGA-AO-A0JA-01Z-00-DX1 25799 9119 0
TCGA-A2-A3KD-01Z-00-DX1 22276 30208 0
TCGA-A2-A0EY-01Z-00-DX1 37396 17115 0
TCGA-BH-A0AY-01Z-00-DX1 102202 7848 0
TCGA-AR-A24H-01Z-00-DX1 68301 4041 0
TCGA-A2-A3XS-01Z-00-DX1 19657 11636 0
TCGA-AO-A0JB-01Z-00-DX1 38638 5820 0
TCGA-AR-A2LM-01Z-00-DX1 43214 11739 0
TCGA-BH-A0AZ-01Z-00-DX1 27416 5015 0
TCGA-A2-A0ST-01Z-00-DX1 109736 19280 0
TCGA-AO-A0JC-01Z-00-DX1 26826 4608 0
TCGA-BH-A0DD-01Z-00-DX1 85706 21235 0
TCGA-AQ-A7U7-01Z-00-DX1 154328 33843 0
TCGA-B6-A0RG-01Z-00-DX1 104012 9264 0
TCGA-AR-A24K-01Z-00-DX1 20211 18592 0
TCGA-BH-A0B0-01Z-00-DX1 66924 13035 0
TCGA-AO-A0JD-01Z-00-DX1 23999 2003 0
TCGA-AR-A2LN-01Z-00-DX1 31516 64254 0
TCGA-AR-A0TP-01Z-00-DX1 26282 3643 0
TCGA-AR-A24L-01Z-00-DX1 36434 5054 0
TCGA-BH-A0DE-01Z-00-DX1 56695 27275 0
TCGA-AO-A0JE-01Z-00-DX1 35629 6416 0
TCGA-A2-A0SU-01Z-00-DX1 79380 5053 0
TCGA-B6-A0RH-01Z-00-DX1 23464 9304 0
TCGA-AR-A2LO-01Z-00-DX1 67464 28969 0
TCGA-BH-A0B1-01Z-00-DX1 46071 21335 0
TCGA-AR-A24M-01Z-00-DX1 16978 15972 0
TCGA-AR-A0TR-01Z-00-DX1 27287 13942 0
TCGA-AO-A0JF-01Z-00-DX1 25385 14423 0
TCGA-AR-A2LQ-01Z-00-DX1 33825 59603 0
TCGA-BH-A0DG-01Z-00-DX1 57427 38613 0
TCGA-AO-A0JG-01Z-00-DX1 13346 7711 0
TCGA-A2-A0SV-01Z-00-DX1 14971 11563 0
TCGA-AO-A0JI-01Z-00-DX1 10816 5212 0
TCGA-B6-A0RI-01Z-00-DX1 95470 15327 0
TCGA-AR-A24N-01Z-00-DX1 25056 12960 0
TCGA-BH-A0B2-01Z-00-DX1 44631 9626 0
TCGA-AR-A2LR-01Z-00-DX1 38780 45950 0
TCGA-AR-A0TS-01Z-00-DX1 117956 44134 0
TCGA-BH-A0HF-01Z-00-DX1 33972 21328 0
TCGA-BH-A0DH-01Z-00-DX1 31145 23752 0
TCGA-AR-A24O-01Z-00-DX1 6070 19027 0
TCGA-A2-A0SW-01Z-00-DX1 35566 12957 0
TCGA-AR-A5QM-01Z-00-DX1 71964 6884 0
TCGA-BH-A0B3-01Z-00-DX1 81010 11687 0
TCGA-B6-A0RL-01Z-00-DX1 48417 6840 0
TCGA-AR-A0TT-01Z-00-DX1 23828 8891 0
TCGA-BH-A0HI-01Z-00-DX1 50624 18955 0
TCGA-AR-A5QN-01Z-00-DX1 69731 17248 0
TCGA-BH-A0DI-01Z-00-DX1 56510 9744 0
TCGA-AR-A24Q-01Z-00-DX1 49318 7883 0
TCGA-AR-A0TU-01Z-00-DX1 35346 3035 0
TCGA-A2-A0SX-01Z-00-DX1 70363 62129 0
TCGA-AR-A5QP-01Z-00-DX1 71745 24283 0
TCGA-B6-A0RM-01Z-00-DX1 69280 11634 0
TCGA-BH-A0B4-01Z-00-DX1 88675 17103 0
TCGA-AR-A24R-01Z-00-DX1 36013 7909 0
TCGA-BH-A0HK-01Z-00-DX1 89875 7260 0
TCGA-BH-A0DK-01Z-00-DX1 60328 23348 0
TCGA-AR-A0TV-01Z-00-DX1 14550 13968 0
TCGA-AR-A24S-01Z-00-DX1 22662 17205 0
TCGA-B6-A0RN-01Z-00-DX1 72867 58254 0
TCGA-BH-A0B5-01Z-00-DX1 66107 30285 0
TCGA-BH-A0DL-01Z-00-DX1 79038 30229 0
TCGA-AR-A5QQ-01Z-00-DX1 86891 17200 0
TCGA-A2-A0SY-01Z-00-DX1 100875 17179 0
TCGA-BH-A0HL-01Z-00-DX1 53285 36827 0
TCGA-AR-A0TW-01Z-00-DX1 41454 5662 0
TCGA-BH-A0B6-01Z-00-DX1 53866 50305 0
TCGA-AR-A24T-01Z-00-DX1 13546 7280 0
TCGA-AR-A0TX-01Z-00-DX1 28317 22226 0
TCGA-B6-A0I1-01Z-00-DX1 47338 17190 0
TCGA-BH-A0DP-01Z-00-DX1 92466 37885 0
TCGA-B6-A0RO-01Z-00-DX1 120833 69476 0
TCGA-BH-A0HN-01Z-00-DX1 25142 12906 0
TCGA-A2-A0T0-01Z-00-DX1 71576 34563 0
TCGA-AR-A0TY-01Z-00-DX1 26313 14973 0
TCGA-BH-A0B7-01Z-00-DX1 20018 16238 0
TCGA-AR-A24U-01Z-00-DX1 31939 8711 0
TCGA-B6-A0I2-01Z-00-DX1 33666 40678 0
TCGA-AR-A0TZ-01Z-00-DX1 23454 7485 0
TCGA-AR-A24V-01Z-00-DX1 34231 3239 0
TCGA-AR-A0U0-01Z-00-DX1 41026 25667 0
TCGA-A2-A0T1-01Z-00-DX1 54410 39831 0
TCGA-BH-A0DQ-01Z-00-DX1 75806 29812 0
TCGA-B6-A0RP-01Z-00-DX1 51881 8251 0
TCGA-BH-A0HO-01Z-00-DX1 70721 39260 0
TCGA-BH-A0B8-01Z-00-DX1 41630 19137 0
TCGA-B6-A0I5-01Z-00-DX1 74599 46948 0
TCGA-AR-A0U1-01Z-00-DX1 42654 13150 0
TCGA-AR-A24W-01Z-00-DX1 75694 28579 0
TCGA-BH-A1ES-01Z-00-DX1 41076 3611 0
TCGA-AR-A24X-01Z-00-DX1 46740 12515 0
TCGA-B6-A0RQ-01Z-00-DX1 51202 34726 0
TCGA-BH-A0B9-01Z-00-DX1 67503 23371 0
TCGA-AR-A24Z-01Z-00-DX1 27159 23352 0
TCGA-BH-A0DS-01Z-00-DX1 74561 42052 0
TCGA-AR-A0U2-01Z-00-DX1 86892 8278 0
TCGA-BH-A0W3-01Z-00-DX1 72350 27970 0
TCGA-B6-A0I6-01Z-00-DX1 80396 30450 0
TCGA-BH-A1ET-01Z-00-DX1 116380 44307 0
TCGA-AR-A250-01Z-00-DX1 10113 10119 0
TCGA-BH-A0DT-01Z-00-DX1 68608 27844 0
TCGA-BH-A0BA-01Z-00-DX1 68919 13485 0
TCGA-B6-A0RS-01Z-00-DX1 59041 22662 0
TCGA-AR-A0U3-01Z-00-DX1 28307 7275 0
TCGA-BH-A0W4-01Z-00-DX1 42602 20529 0
TCGA-BH-A1EU-01Z-00-DX1 35844 6816 0
TCGA-B6-A0RT-01Z-00-DX1 14492 4228 0
TCGA-BH-A0BC-01Z-00-DX1 63457 31412 0
TCGA-C8-A26W-01Z-00-DX1 28580 11241 0
TCGA-B6-A0I8-01Z-00-DX1 102135 37843 0
TCGA-BH-A5IZ-01Z-00-DX1 65655 35151 0
TCGA-BH-A0DV-01Z-00-DX1 63226 12025 0
TCGA-C8-A26X-01Z-00-DX1 27073 20629 0
TCGA-BH-A0W5-01Z-00-DX1 49051 16717 0
TCGA-BH-A1EV-01Z-00-DX1 60448 28836 0
TCGA-C8-A26Y-01Z-00-DX1 18829 21875 0
TCGA-BH-A0BD-01Z-00-DX1 64469 29014 0
TCGA-B6-A0RU-01Z-00-DX1 116850 35065 0
TCGA-C8-A26Z-01Z-00-DX1 44149 13294 0
TCGA-BH-A5J0-01Z-00-DX1 42658 33476 0
TCGA-BH-A0DX-01Z-00-DX1 86459 20607 0
TCGA-BH-A1EW-01Z-00-DX1 42835 800 0
TCGA-B6-A0I9-01Z-00-DX1 114831 14303 0
TCGA-BH-A0W7-01Z-00-DX1 82423 18719 0
TCGA-C8-A12K-01Z-00-DX1 27697 3026 0
TCGA-C8-A273-01Z-00-DX1 45208 7362 0
TCGA-BH-A0WA-01Z-00-DX1 51373 3631 0
TCGA-B6-A0RV-01Z-00-DX1 26554 25964 0
TCGA-BH-A0BF-01Z-00-DX1 69276 2205 0
TCGA-C8-A12L-01Z-00-DX1 54112 5523 0
TCGA-C8-A274-01Z-00-DX1 25518 8370 0
TCGA-BH-A0DZ-01Z-00-DX1 53307 20333 0
TCGA-BH-A1EX-01Z-00-DX1 72366 1803 0
TCGA-C8-A12M-01Z-00-DX1 35050 3629 0
TCGA-B6-A0IA-01Z-00-DX1 60515 10865 0
TCGA-BH-A0BG-01Z-00-DX1 33434 11025 0
TCGA-BH-A18F-01Z-00-DX1 37837 14305 0
TCGA-C8-A275-01Z-00-DX1 25950 7978 0
TCGA-BH-A18G-01Z-00-DX1 23183 6850 0
TCGA-B6-A0WS-01Z-00-DX1 75742 28327 0
TCGA-C8-A12N-01Z-00-DX1 31266 14507 0
TCGA-BH-A1EY-01Z-00-DX1 20039 12834 0
TCGA-B6-A0IB-01Z-00-DX1 61686 10614 0
TCGA-C8-A278-01Z-00-DX1 41950 11843 0
TCGA-BH-A0E0-01Z-00-DX1 79156 22568 0
TCGA-BH-A1F0-01Z-00-DX1 35895 2997 0
TCGA-C8-A12O-01Z-00-DX1 6047 4637 0
TCGA-C8-A12P-01Z-00-DX1 6058 13161 0
TCGA-C8-A27A-01Z-00-DX1 26955 9805 0
TCGA-BH-A0BJ-01Z-00-DX1 56724 44882 0
TCGA-BH-A18H-01Z-00-DX1 91209 32796 0
TCGA-BH-A1F2-01Z-00-DX1 53675 29036 0
TCGA-BH-A0E1-01Z-00-DX1 82973 8869 0
TCGA-C8-A12Q-01Z-00-DX1 50841 6949 0
TCGA-C8-A27B-01Z-00-DX1 36956 6142 0
TCGA-B6-A0IC-01Z-00-DX1 85708 27201 0
TCGA-B6-A0WT-01Z-00-DX1 44262 37051 0
TCGA-BH-A0BL-01Z-00-DX1 22212 30463 0
TCGA-C8-A12T-01Z-00-DX1 37286 8218 0
TCGA-BH-A18I-01Z-00-DX1 49468 35831 0
TCGA-C8-A3M7-01Z-00-DX1 21860 55507 0
TCGA-BH-A0E2-01Z-00-DX1 78414 10685 0
TCGA-BH-A0BM-01Z-00-DX1 72332 19146 0
TCGA-BH-A1F5-01Z-00-DX1 69030 18641 0
TCGA-B6-A0IE-01Z-00-DX1 84095 27596 0
TCGA-C8-A12V-01Z-00-DX1 56008 20545 0
TCGA-C8-A3M8-01Z-00-DX1 24150 34128 0
TCGA-B6-A0WV-01Z-00-DX1 54701 8056 0
TCGA-BH-A18J-01Z-00-DX1 29753 2217 0
TCGA-C8-A8HP-01Z-00-DX1 42591 8543 0
TCGA-BH-A0BO-01Z-00-DX1 52425 15847 0
TCGA-C8-A12W-01Z-00-DX1 7554 8978 0
TCGA-BH-A0E6-01Z-00-DX1 55354 23372 0
TCGA-BH-A1F6-01Z-00-DX1 10211 8211 0
TCGA-C8-A8HQ-01Z-00-DX1 59489 18858 0
TCGA-BH-A18L-01Z-00-DX1 65115 14913 0
TCGA-C8-A12X-01Z-00-DX1 62344 24282 0
TCGA-B6-A0WW-01Z-00-DX1 101662 9864 0
TCGA-B6-A0IG-01Z-00-DX1 81259 24192 0
TCGA-BH-A0BP-01Z-00-DX1 50231 37253 0
TCGA-C8-A8HR-01Z-00-DX1 9916 10107 0
TCGA-C8-A12Y-01Z-00-DX1 70228 11267 0
TCGA-BH-A0E7-01Z-00-DX1 64260 25594 0
TCGA-BH-A18M-01Z-00-DX1 32163 12504 0
TCGA-BH-A0BQ-01Z-00-DX1 55006 28816 0
TCGA-C8-A12Z-01Z-00-DX1 30042 4699 0
TCGA-B6-A0IH-01Z-00-DX1 87157 16175 0
TCGA-BH-A1F8-01Z-00-DX1 60833 50529 0
TCGA-BH-A0E9-01Z-00-DX1 26836 34488 0
TCGA-C8-A9FZ-01Z-00-DX1 38020 12306 0
TCGA-B6-A0IJ-01Z-00-DX1 43194 19976 0
TCGA-C8-A130-01Z-00-DX1 42268 7561 0
TCGA-B6-A0WX-01Z-00-DX1 125876 43680 0
TCGA-BH-A0BR-01Z-00-DX1 65080 29825 0
TCGA-BH-A18N-01Z-00-DX1 67339 34024 0
TCGA-C8-A131-01Z-00-DX1 24981 4091 0
TCGA-BH-A0EA-01Z-00-DX1 21612 16637 0
TCGA-D8-A13Y-01Z-00-DX1 46991 4246 0
TCGA-B6-A0IK-01Z-00-DX1 17722 42304 0
TCGA-C8-A132-01Z-00-DX1 18787 9005 0
TCGA-BH-A1FB-01Z-00-DX1 95555 21840 0
TCGA-B6-A0WY-01Z-00-DX1 40634 16725 0
TCGA-D8-A13Y-01Z-00-DX2 40801 6332 0
TCGA-BH-A18Q-01Z-00-DX1 40231 16300 0
TCGA-BH-A0BS-01Z-00-DX1 89676 34817 0
TCGA-C8-A133-01Z-00-DX1 43109 15726 0
TCGA-BH-A0EB-01Z-00-DX1 74399 12481 0
TCGA-BH-A1FC-01Z-00-DX1 26603 15839 0
TCGA-D8-A13Z-01Z-00-DX1 63560 37433 0
TCGA-BH-A0BT-01Z-00-DX1 40042 11411 0
TCGA-C8-A134-01Z-00-DX1 50895 20411 0
TCGA-B6-A0IM-01Z-00-DX1 107905 29824 0
TCGA-BH-A18R-01Z-00-DX1 73006 4429 0
TCGA-B6-A0X0-01Z-00-DX1 98769 23886 0
TCGA-BH-A1FE-01Z-00-DX1 42899 22654 0
TCGA-D8-A140-01Z-00-DX1 20417 10124 0
TCGA-C8-A135-01Z-00-DX1 37368 13479 0
TCGA-BH-A0BV-01Z-00-DX1 64309 10670 0
TCGA-BH-A0EE-01Z-00-DX1 65536 10465 0
TCGA-D8-A140-01Z-00-DX2 45196 2180 0
TCGA-BH-A18S-01Z-00-DX1 58508 52544 0
TCGA-C8-A137-01Z-00-DX1 17387 27775 0
TCGA-B6-A0IN-01Z-00-DX1 90919 36482 0
TCGA-BH-A1FG-01Z-00-DX1 14018 4402 0
TCGA-D8-A141-01Z-00-DX1 39049 56334 0
TCGA-C8-A138-01Z-00-DX1 46849 6129 0
TCGA-BH-A0EI-01Z-00-DX1 32216 44032 0
TCGA-D8-A141-01Z-00-DX2 16077 16864 0
TCGA-BH-A0BW-01Z-00-DX1 52006 17639 0
TCGA-BH-A1FH-01Z-00-DX1 66659 25642 0
TCGA-B6-A0X1-01Z-00-DX1 19701 19919 0
TCGA-C8-A1HE-01Z-00-DX1 43980 9817 0
TCGA-BH-A18T-01Z-00-DX1 54682 9260 0
TCGA-D8-A142-01Z-00-DX1 35406 29979 0
TCGA-BH-A0GY-01Z-00-DX1 36369 31245 0
TCGA-D8-A1JC-01Z-00-DX2 33339 9509 0
TCGA-BH-A0BZ-01Z-00-DX1 77492 10205 0
TCGA-C8-A1HF-01Z-00-DX1 34736 5509 0
TCGA-B6-A0X4-01Z-00-DX1 12061 7245 0
TCGA-BH-A1FJ-01Z-00-DX1 51377 14628 0
TCGA-D8-A143-01Z-00-DX1 31323 13155 0
TCGA-BH-A18U-01Z-00-DX1 85237 6038 0
TCGA-BH-A0C0-01Z-00-DX1 32163 12700 0
TCGA-D8-A1JD-01Z-00-DX1 35192 8298 0
TCGA-B6-A0X5-01Z-00-DX1 94959 31614 0
TCGA-C8-A1HG-01Z-00-DX1 19817 7554 0
TCGA-BH-A0GZ-01Z-00-DX1 51070 13506 0
TCGA-D8-A1JD-01Z-00-DX2 53031 3165 0
TCGA-D8-A145-01Z-00-DX1 71428 28105 0
TCGA-C8-A1HI-01Z-00-DX1 56389 5924 0
TCGA-BH-A18V-01Z-00-DX1 49801 34013 0
TCGA-BH-A0C1-01Z-00-DX1 64031 13408 0
TCGA-BH-A1FL-01Z-00-DX1 85010 16406 0
TCGA-D8-A145-01Z-00-DX2 44739 1189 0
TCGA-C8-A1HJ-01Z-00-DX1 35322 10231 0
TCGA-BH-A0H0-01Z-00-DX1 104526 18925 0
TCGA-B6-A0X7-01Z-00-DX1 94843 29220 0
TCGA-D8-A146-01Z-00-DX1 25754 25286 0
TCGA-BH-A1FM-01Z-00-DX1 40905 12026 0
TCGA-C8-A1HK-01Z-00-DX1 44913 8369 0
TCGA-BH-A0C3-01Z-00-DX1 51024 59829 0
TCGA-D8-A1JE-01Z-00-DX1 143786 5267 0
TCGA-BH-A1EN-01Z-00-DX1 11394 6605 0
TCGA-B6-A1KC-01Z-00-DX1 61278 22029 0
TCGA-BH-A0H3-01Z-00-DX1 30625 44822 0
TCGA-D8-A147-01Z-00-DX1 35157 4651 0
TCGA-C8-A1HL-01Z-00-DX1 48595 14729 0
TCGA-D8-A1JE-01Z-00-DX2 50951 2576 0
TCGA-BH-A1FR-01Z-00-DX1 58664 26864 0
TCGA-C8-A1HM-01Z-00-DX1 28232 17805 0
TCGA-BH-A0C7-01Z-00-DX1 71255 20448 0
TCGA-BH-A1FU-01Z-00-DX1 20527 16338 0
TCGA-C8-A1HN-01Z-00-DX1 21677 8384 0
TCGA-D8-A1J8-01Z-00-DX2 25397 3566 0
TCGA-BH-A1EO-01Z-00-DX1 54242 20433 0
TCGA-B6-A1KF-01Z-00-DX1 83194 41016 0
TCGA-C8-A1HO-01Z-00-DX1 36634 5516 0
TCGA-BH-A0H5-01Z-00-DX1 69828 34067 0
TCGA-D8-A1XD-01Z-00-DX1 32801 10726 0
TCGA-C8-A26V-01Z-00-DX1 42713 4497 0
TCGA-D8-A27G-01Z-00-DX1 32979 24446 0
TCGA-D8-A1JF-01Z-00-DX1 23055 21621 0
TCGA-BH-A201-01Z-00-DX1 17003 19222 0
TCGA-B6-A1KI-01Z-00-DX1 71868 45963 0
TCGA-D8-A1J9-01Z-00-DX1 32737 4446 0
TCGA-D8-A1XF-01Z-00-DX1 25684 15386 0
TCGA-BH-A0H6-01Z-00-DX1 37787 47132 0
TCGA-D8-A27H-01Z-00-DX1 12941 8297 0
TCGA-D8-A1J9-01Z-00-DX2 51073 14054 0
TCGA-E2-A10A-01Z-00-DX1 65059 23448 0
TCGA-D8-A1JG-01Z-00-DX1 34966 14979 0
TCGA-D8-A27I-01Z-00-DX1 25473 26907 0
TCGA-BH-A202-01Z-00-DX1 63438 7491 0
TCGA-D8-A1XF-01Z-00-DX2 37612 10501 0
TCGA-B6-A1KN-01Z-00-DX1 51559 19615 0
TCGA-BH-A0H7-01Z-00-DX1 45456 22765 0
TCGA-D8-A1JA-01Z-00-DX1 61259 11924 0
TCGA-D8-A27K-01Z-00-DX1 52808 19626 0
TCGA-E2-A10B-01Z-00-DX1 45911 8895 0
TCGA-D8-A1XG-01Z-00-DX1 64164 44928 0
TCGA-D8-A1JH-01Z-00-DX1 7886 8299 0
TCGA-BH-A203-01Z-00-DX1 21841 12531 0
TCGA-D8-A27L-01Z-00-DX1 32380 22856 0
TCGA-D8-A1XJ-01Z-00-DX1 27283 21437 0
TCGA-B6-A2IU-01Z-00-DX1 68534 19627 0
TCGA-BH-A0H9-01Z-00-DX1 73020 23349 0
TCGA-D8-A1JB-01Z-00-DX1 15976 19031 0
TCGA-BH-A204-01Z-00-DX1 51398 3234 0
TCGA-D8-A1JI-01Z-00-DX1 40210 30564 0
TCGA-E2-A10C-01Z-00-DX1 19598 44665 0
TCGA-D8-A27M-01Z-00-DX1 54641 29728 0
TCGA-D8-A1XK-01Z-00-DX1 32970 47356 0
TCGA-D8-A1JI-01Z-00-DX2 35318 16828 0
TCGA-BH-A0AU-01Z-00-DX1 38247 13836 0
TCGA-E2-A15J-01Z-00-DX1 43479 21448 0
TCGA-BH-A0HA-01Z-00-DX1 34843 37082 0
TCGA-D8-A1XL-01Z-00-DX1 50406 52435 0
TCGA-BH-A208-01Z-00-DX1 77951 5860 0
TCGA-E2-A10E-01Z-00-DX1 30935 18219 0
TCGA-D8-A1JJ-01Z-00-DX1 31949 12548 0
TCGA-D8-A27N-01Z-00-DX1 55771 18823 0
TCGA-E2-A15K-01Z-00-DX1 44917 58921 0
TCGA-E2-A1LE-01Z-00-DX1 34154 39885 0
TCGA-D8-A1XL-01Z-00-DX2 55299 6330 0
TCGA-D8-A27N-01Z-00-DX2 23363 16432 0
TCGA-BH-A0HB-01Z-00-DX1 71818 20938 0
TCGA-D8-A1JJ-01Z-00-DX2 26962 2177 0
TCGA-E2-A10F-01Z-00-DX1 8687 29346 0
TCGA-E2-A1LG-01Z-00-DX1 2831 7700 0
TCGA-BH-A209-01Z-00-DX1 30333 9303 0
TCGA-D8-A1XM-01Z-00-DX1 32351 44525 0
TCGA-E2-A15L-01Z-00-DX1 48111 23079 0
TCGA-E9-A1R5-01Z-00-DX1 58956 15526 0
TCGA-D8-A27P-01Z-00-DX1 59407 34213 0
TCGA-E2-A14N-01Z-00-DX1 35604 27712 0
TCGA-E9-A1R6-01Z-00-DX1 76092 30259 0
TCGA-E2-A15M-01Z-00-DX1 83924 5858 0
TCGA-E2-A1LH-01Z-00-DX1 24243 16804 0
TCGA-D8-A1XO-01Z-00-DX1 35636 10314 0
TCGA-BH-A28O-01Z-00-DX1 45887 24899 0
TCGA-D8-A27R-01Z-00-DX1 28732 12148 0
TCGA-D8-A1JK-01Z-00-DX1 32344 8690 0
TCGA-E2-A14O-01Z-00-DX1 65500 23435 0
TCGA-E9-A1R7-01Z-00-DX1 25314 25781 0
TCGA-D8-A1XQ-01Z-00-DX1 69241 10118 0
TCGA-E9-A1RA-01Z-00-DX1 34761 30083 0
TCGA-E2-A15O-01Z-00-DX1 73023 28713 0
TCGA-E2-A1LI-01Z-00-DX1 80275 8698 0
TCGA-D8-A27R-01Z-00-DX2 44783 2776 0
TCGA-BH-A28Q-01Z-00-DX1 61214 20615 0
TCGA-E2-A14P-01Z-00-DX1 33957 7488 0
TCGA-E9-A1RB-01Z-00-DX1 56916 15564 0
TCGA-E2-A15P-01Z-00-DX1 59913 30957 0
TCGA-D8-A1JL-01Z-00-DX1 105203 4045 0
TCGA-D8-A27T-01Z-00-DX1 7482 48371 0
TCGA-E2-A1LK-01Z-00-DX1 31724 12555 0
TCGA-E9-A1RC-01Z-00-DX1 65531 20838 0
TCGA-BH-A2L8-01Z-00-DX1 53048 5074 0
TCGA-D8-A1JM-01Z-00-DX1 50597 7697 0
TCGA-E2-A14Q-01Z-00-DX1 64000 54455 0
TCGA-D8-A1XR-01Z-00-DX1 153367 12541 0
TCGA-E2-A15R-01Z-00-DX1 34211 42438 0
TCGA-E9-A1RD-01Z-00-DX1 41930 30223 0
TCGA-D8-A27T-01Z-00-DX2 63900 28559 0
TCGA-E2-A1LL-01Z-00-DX1 3845 0 0
TCGA-BH-A42T-01Z-00-DX1 79764 61904 0
TCGA-D8-A1JN-01Z-00-DX1 10716 14963 0
TCGA-D8-A1XR-01Z-00-DX2 54909 14665 0
TCGA-E2-A15S-01Z-00-DX1 43531 47690 0
TCGA-E9-A1RE-01Z-00-DX1 53890 47561 0
TCGA-E2-A14R-01Z-00-DX1 33320 0 0
TCGA-E2-A1LS-01Z-00-DX1 46898 28547 0
TCGA-D8-A1JP-01Z-00-DX1 62459 28316 0
TCGA-D8-A1XS-01Z-00-DX2 35879 8117 0
TCGA-E9-A1RF-01Z-00-DX1 62924 17771 0
TCGA-BH-A42U-01Z-00-DX1 8578 22231 0
TCGA-E2-A15T-01Z-00-DX1 16995 49157 0
TCGA-D8-A27V-01Z-00-DX1 115262 20038 0
TCGA-E2-A14S-01Z-00-DX1 64751 50309 0
TCGA-E2-A2P5-01Z-00-DX1 62438 2019 0
TCGA-BH-A42V-01Z-00-DX1 22090 18437 0
TCGA-E9-A1RG-01Z-00-DX1 50220 14508 0
TCGA-D8-A27V-01Z-00-DX2 54909 11488 0
TCGA-D8-A1JS-01Z-00-DX1 60031 37413 0
TCGA-E9-A3QA-01Z-00-DX1 24700 24290 0
TCGA-E2-A14T-01Z-00-DX1 22651 33809 0
TCGA-E2-A1AZ-01Z-00-DX1 32115 4851 0
TCGA-D8-A1XT-01Z-00-DX1 125249 14554 0
TCGA-E2-A2P6-01Z-00-DX1 51610 11724 0
TCGA-E9-A3X8-01Z-00-DX1 20832 25863 0
TCGA-E9-A1RH-01Z-00-DX1 57935 12675 0
TCGA-E9-A54X-01Z-00-DX1 18209 14342 0
TCGA-D8-A1JT-01Z-00-DX1 52796 22725 0
TCGA-D8-A1XU-01Z-00-DX1 60495 19589 0
TCGA-E9-A1RI-01Z-00-DX1 59976 32756 0
TCGA-E2-A1B0-01Z-00-DX1 34585 10728 0
TCGA-D8-A27W-01Z-00-DX1 42438 70235 0
TCGA-E9-A54Y-01Z-00-DX1 69529 6680 0
TCGA-E2-A14U-01Z-00-DX1 102378 27974 0
TCGA-D8-A1JT-01Z-00-DX2 17261 13859 0
TCGA-E2-A3DX-01Z-00-DX1 75306 69802 0
TCGA-D8-A1XV-01Z-00-DX1 51997 44058 0
TCGA-E9-A226-01Z-00-DX1 30919 10728 0
TCGA-E9-A5FK-01Z-00-DX1 27417 18102 0
TCGA-D8-A27W-01Z-00-DX2 43203 2573 0
TCGA-D8-A1JU-01Z-00-DX1 32226 22068 0
TCGA-E9-A227-01Z-00-DX1 31739 18831 0
TCGA-E2-A14V-01Z-00-DX1 48715 12755 0
TCGA-E2-A1B1-01Z-00-DX1 5060 28106 0
TCGA-D8-A1XV-01Z-00-DX2 58930 8712 0
TCGA-D8-A1X5-01Z-00-DX1 41029 2428 0
TCGA-E2-A56Z-01Z-00-DX1 31931 5457 0
TCGA-E9-A5FL-01Z-00-DX1 70830 20085 0
TCGA-E9-A228-01Z-00-DX1 43494 8905 0
TCGA-D8-A3Z5-01Z-00-DX1 66315 15372 0
TCGA-E2-A14W-01Z-00-DX1 78133 3030 0
TCGA-E9-A5UO-01Z-00-DX1 29413 15710 0
TCGA-D8-A1XW-01Z-00-DX1 52741 17384 0
TCGA-D8-A1X5-01Z-00-DX2 82939 2969 0
TCGA-E9-A229-01Z-00-DX1 29155 27297 0
TCGA-E9-A5UP-01Z-00-DX1 58664 18789 0
TCGA-E2-A1B4-01Z-00-DX1 52504 36414 0
TCGA-E2-A570-01Z-00-DX1 84044 17208 0
TCGA-D8-A3Z5-01Z-00-DX2 51808 34634 0
TCGA-D8-A1XW-01Z-00-DX2 23421 20185 0
TCGA-E2-A14X-01Z-00-DX1 42496 23891 0
TCGA-D8-A1X6-01Z-00-DX1 32987 8484 0
TCGA-E9-A6HE-01Z-00-DX1 57900 24291 0
TCGA-E9-A22A-01Z-00-DX1 21219 10110 0
TCGA-D8-A3Z5-01Z-00-DX3 48414 16453 0
TCGA-E2-A572-01Z-00-DX1 69430 46564 0
TCGA-E2-A1B5-01Z-00-DX1 30527 26671 0
TCGA-D8-A1X6-01Z-00-DX2 17838 11302 0
TCGA-E9-A22B-01Z-00-DX1 33789 12929 0
TCGA-D8-A1XY-01Z-00-DX1 127750 8693 0
TCGA-E2-A14Y-01Z-00-DX1 68175 6074 0
TCGA-D8-A3Z6-01Z-00-DX1 24279 2627 0
TCGA-D8-A1X7-01Z-00-DX1 10120 39814 0
TCGA-E9-A22D-01Z-00-DX1 35781 6472 0
TCGA-E2-A1B6-01Z-00-DX1 41669 19624 0
TCGA-D8-A1XY-01Z-00-DX2 51718 32449 0
TCGA-D8-A3Z6-01Z-00-DX2 53439 6688 0
TCGA-E2-A573-01Z-00-DX1 53547 38666 0
TCGA-EW-A1IW-01Z-00-DX1 147624 27223 0
TCGA-E2-A14Z-01Z-00-DX1 85015 2629 0
TCGA-E9-A22E-01Z-00-DX1 79368 9299 0
TCGA-D8-A3Z6-01Z-00-DX3 16617 27706 0
TCGA-D8-A1X7-01Z-00-DX2 44192 7332 0
TCGA-E2-A574-01Z-00-DX1 28119 18207 0
TCGA-EW-A1IX-01Z-00-DX1 92679 18917 0
TCGA-E2-A1BC-01Z-00-DX1 56869 34800 0
TCGA-E9-A22G-01Z-00-DX1 64500 15371 0
TCGA-D8-A1XZ-01Z-00-DX1 26676 15386 0
TCGA-D8-A1X8-01Z-00-DX1 12126 15980 0
TCGA-E2-A150-01Z-00-DX1 23055 9707 0
TCGA-D8-A4Z1-01Z-00-DX1 44283 31999 0
TCGA-E2-A576-01Z-00-DX1 46596 16465 0
TCGA-E2-A1IE-01Z-00-DX1 55749 11733 0
TCGA-EW-A1IY-01Z-00-DX1 69170 9267 0
TCGA-D8-A1X9-01Z-00-DX1 10318 11541 0
TCGA-E9-A22H-01Z-00-DX1 50972 14556 0
TCGA-D8-A73U-01Z-00-DX1 27755 30123 0
TCGA-D8-A1XZ-01Z-00-DX2 35414 21964 0
TCGA-D8-A1XA-01Z-00-DX1 26465 39816 0
TCGA-EW-A1IZ-01Z-00-DX1 70760 19163 0
TCGA-E9-A243-01Z-00-DX1 48578 13935 0
TCGA-E2-A9RU-01Z-00-DX1 41577 5344 0
TCGA-E2-A152-01Z-00-DX1 74532 21021 0
TCGA-E9-A1N3-01Z-00-DX1 10473 12924 0
TCGA-D8-A1Y0-01Z-00-DX1 33394 14944 0
TCGA-E2-A1IF-01Z-00-DX1 93942 20645 0
TCGA-E2-A153-01Z-00-DX1 31154 32587 0
TCGA-E9-A244-01Z-00-DX1 18609 14968 0
TCGA-D8-A1XB-01Z-00-DX1 48165 17788 0
TCGA-E9-A1N4-01Z-00-DX1 73129 15695 0
TCGA-EW-A1J1-01Z-00-DX1 60707 11671 0
TCGA-D8-A1Y0-01Z-00-DX2 17033 48319 0
TCGA-E9-A1N5-01Z-00-DX1 44288 9661 0
TCGA-E2-A1IG-01Z-00-DX1 30320 5062 0
TCGA-E9-A245-01Z-00-DX1 43058 25286 0
TCGA-E2-A154-01Z-00-DX1 90709 12548 0
TCGA-D8-A1XB-01Z-00-DX2 34445 24360 0
TCGA-D8-A73W-01Z-00-DX1 57541 4160 0
TCGA-E9-A247-01Z-00-DX1 42242 15951 0
TCGA-EW-A1J2-01Z-00-DX1 56479 40680 0
TCGA-D8-A1Y1-01Z-00-DX1 15962 15975 0
TCGA-E9-A1N6-01Z-00-DX1 71320 27418 0
TCGA-E2-A1IH-01Z-00-DX1 44674 16176 0
TCGA-D8-A1XC-01Z-00-DX1 26689 24221 0
TCGA-E2-A155-01Z-00-DX1 57621 4241 0
TCGA-D8-A73W-01Z-00-DX2 67306 8709 0
TCGA-E9-A248-01Z-00-DX1 24486 12544 0
TCGA-D8-A1Y1-01Z-00-DX2 18430 13266 0
TCGA-E9-A1N8-01Z-00-DX1 57455 9257 0
TCGA-D8-A73X-01Z-00-DX1 25724 26903 0
TCGA-E2-A1II-01Z-00-DX1 51356 1617 0
TCGA-D8-A1XC-01Z-00-DX2 72759 50886 0
TCGA-E2-A156-01Z-00-DX1 69308 12542 0
TCGA-E9-A1N9-01Z-00-DX1 13898 7247 0
TCGA-E9-A1NA-01Z-00-DX1 20205 4632 0
TCGA-EW-A1J3-01Z-00-DX1 143631 31444 0
TCGA-E9-A249-01Z-00-DX1 77683 8498 0
TCGA-D8-A1Y2-01Z-00-DX1 12547 19222 0
TCGA-E9-A1NC-01Z-00-DX1 35512 20586 0
TCGA-EW-A1PE-01Z-00-DX1 70532 17397 0
TCGA-E9-A24A-01Z-00-DX1 31577 11729 0
TCGA-E2-A1IJ-01Z-00-DX1 34767 8900 0
TCGA-E2-A158-01Z-00-DX1 61187 19205 0
TCGA-D8-A73X-01Z-00-DX2 38251 3168 0
TCGA-E9-A1ND-01Z-00-DX1 39281 41752 0
TCGA-D8-A1Y2-01Z-00-DX2 38688 24951 0
TCGA-EW-A1J5-01Z-00-DX1 77615 8664 0
TCGA-E9-A1NE-01Z-00-DX1 13506 14515 0
TCGA-E2-A1IK-01Z-00-DX1 31963 30390 0
TCGA-E2-A159-01Z-00-DX1 45730 8889 0
TCGA-E2-A105-01Z-00-DX1 62105 4044 0
TCGA-E9-A295-01Z-00-DX1 21897 23745 0
TCGA-EW-A1PF-01Z-00-DX1 40407 31935 0
TCGA-D8-A1Y3-01Z-00-DX1 36184 9507 0
TCGA-E9-A1NF-01Z-00-DX1 44927 15503 0
TCGA-E9-A2JS-01Z-00-DX1 39863 2635 0
TCGA-EW-A1J6-01Z-00-DX1 68726 10684 0
TCGA-E2-A106-01Z-00-DX1 11930 42278 0
TCGA-EW-A1PG-01Z-00-DX1 21422 18808 0
TCGA-E2-A15A-01Z-00-DX1 17207 41674 0
TCGA-E9-A1NG-01Z-00-DX1 15724 31395 0
TCGA-E2-A1IL-01Z-00-DX1 41235 70111 0
TCGA-E9-A2JT-01Z-00-DX1 43345 46577 0
TCGA-D8-A1Y3-01Z-00-DX2 24177 1783 0
TCGA-E9-A1NH-01Z-00-DX1 14918 5648 0
TCGA-E9-A3HO-01Z-00-DX1 73221 18206 0
TCGA-E2-A1IN-01Z-00-DX1 14571 32006 0
TCGA-E9-A1NI-01Z-00-DX1 24796 12893 0
TCGA-E2-A108-01Z-00-DX1 39377 35840 0
TCGA-E2-A15C-01Z-00-DX1 43127 10728 0
TCGA-D8-A27E-01Z-00-DX1 36430 29726 0
TCGA-E9-A3Q9-01Z-00-DX1 26077 4449 0
TCGA-E9-A1QZ-01Z-00-DX1 40474 20610 0
TCGA-EW-A1OV-01Z-00-DX1 130905 23791 0
TCGA-E2-A1IO-01Z-00-DX1 42265 43868 0
TCGA-EW-A1PH-01Z-00-DX1 20626 19615 0
TCGA-E2-A109-01Z-00-DX1 35604 19236 0
TCGA-E2-A15D-01Z-00-DX1 63312 26286 0
TCGA-GM-A3XG-01Z-00-DX1 53791 24996 0
TCGA-E9-A1R0-01Z-00-DX1 33731 14088 0
TCGA-D8-A27F-01Z-00-DX1 14954 7667 0
TCGA-E2-A1IP-01Z-00-DX1 56467 5871 0
TCGA-GM-A3XL-01Z-00-DX1 32526 16246 0
TCGA-E9-A1R2-01Z-00-DX1 64260 16944 0
TCGA-HN-A2NL-01Z-00-DX1 7295 1800 0
TCGA-OK-A5Q2-01Z-00-DX3 82770 34439 0
TCGA-EW-A2FR-01Z-00-DX1 32737 32137 0
TCGA-E2-A15E-01Z-00-DX1 18407 607 0
TCGA-XX-A89A-01Z-00-DX1 31710 1783 0
TCGA-EW-A1OX-01Z-00-DX1 52103 79423 0
TCGA-E2-A1IU-01Z-00-DX1 74075 17421 0
TCGA-E9-A1R3-01Z-00-DX1 70688 15949 0
TCGA-JL-A3YW-01Z-00-DX1 108908 15461 0
TCGA-OL-A5D7-01Z-00-DX1 122303 5534 0
TCGA-EW-A2FS-01Z-00-DX1 41632 25260 0
TCGA-EW-A1OY-01Z-00-DX1 87387 17124 0
TCGA-E2-A1L6-01Z-00-DX1 35751 47365 0
TCGA-E2-A15E-06Z-00-DX1 18407 607 0
TCGA-E2-A1L7-01Z-00-DX1 63070 16531 0
TCGA-JL-A3YX-01Z-00-DX1 58735 31699 0
TCGA-EW-A2FV-01Z-00-DX1 41875 26332 0
TCGA-E2-A1L8-01Z-00-DX1 47452 12939 0
TCGA-EW-A1OZ-01Z-00-DX1 107749 6448 0
TCGA-LD-A74U-01Z-00-DX1 69639 20011 0
TCGA-E2-A15F-01Z-00-DX1 65024 49527 0
TCGA-OL-A66H-01Z-00-DX1 74925 250077 0
TCGA-E2-A1L9-01Z-00-DX1 13144 12138 0
TCGA-E2-A15G-01Z-00-DX1 35149 34811 0
TCGA-EW-A2FW-01Z-00-DX1 54536 11723 0
TCGA-LD-A7W5-01Z-00-DX1 93596 5349 0
TCGA-E2-A1LA-01Z-00-DX1 24866 17196 0
TCGA-EW-A1P0-01Z-00-DX1 138011 42959 0
TCGA-EW-A3E8-01Z-00-DX1 67185 33813 0
TCGA-E2-A15H-01Z-00-DX1 96145 24454 0
TCGA-LD-A9QF-01Z-00-DX1 42735 23791 0
TCGA-E2-A1LB-01Z-00-DX1 40822 32824 0
TCGA-E2-A15I-01Z-00-DX1 64077 32138 0
TCGA-EW-A1P1-01Z-00-DX1 60154 14891 0
TCGA-LL-A440-01Z-00-DX1 32232 24114 0
TCGA-OL-A66K-01Z-00-DX1 85169 119606 0
TCGA-EW-A3U0-01Z-00-DX1 38794 11546 0
TCGA-LL-A442-01Z-00-DX1 26333 11018 0
TCGA-OL-A66O-01Z-00-DX1 91287 86128 0
TCGA-EW-A423-01Z-00-DX1 60456 10110 0
TCGA-LL-A50Y-01Z-00-DX1 13668 33077 0
TCGA-EW-A1P3-01Z-00-DX1 42043 18518 0
TCGA-LL-A5YM-01Z-00-DX1 22032 1838 0
TCGA-OL-A6VQ-01Z-00-DX1 54127 14055 0
TCGA-EW-A423-01Z-00-DX2 52831 18603 0
TCGA-EW-A1P4-01Z-00-DX1 15901 30219 0
TCGA-PE-A5DD-01Z-00-DX1 36982 32146 0
TCGA-LL-A5YN-01Z-00-DX1 7558 24123 0
TCGA-PL-A8LY-01A-01-DX1 22567 12361 0
TCGA-PL-A8LZ-01A-02-DX2 60255 12714 0
TCGA-EW-A424-01Z-00-DX1 79582 16776 0
TCGA-EW-A1P5-01Z-00-DX1 174767 29000 0
TCGA-LL-A5YP-01Z-00-DX1 51650 4902 0
TCGA-LL-A6FP-01Z-00-DX1 54813 18239 0
TCGA-S3-A6ZG-01Z-00-DX1 29519 19428 0
TCGA-EW-A6S9-01Z-00-DX1 40034 1781 0
TCGA-EW-A1P6-01Z-00-DX1 75351 35019 0
TCGA-LL-A6FR-01Z-00-DX1 85983 14868 0
TCGA-WT-AB41-01Z-00-DX1 81959 52502 0
TCGA-EW-A6SA-01Z-00-DX1 36875 19236 0
TCGA-LL-A740-01Z-00-DX1 47819 14645 0
TCGA-EW-A1P7-01Z-00-DX1 134959 56750 0
TCGA-EW-A6SB-01Z-00-DX1 49345 11511 0
TCGA-LL-A8F5-01Z-00-DX1 25998 7917 0
TCGA-MS-A51U-01Z-00-DX1 5326 11154 0
TCGA-EW-A6SC-01Z-00-DX1 44007 18243 0
TCGA-EW-A1P8-01Z-00-DX1 134551 20156 0
TCGA-EW-A1PA-01Z-00-DX1 45085 8102 0
TCGA-EW-A6SD-01Z-00-DX1 47935 16464 0
TCGA-GI-A2C8-01Z-00-DX1 18831 13981 0
TCGA-GI-A2C9-01Z-00-DX1 14172 9513 0
TCGA-EW-A1PB-01Z-00-DX1 72348 14380 0
TCGA-GM-A2D9-01Z-00-DX1 67155 26669 0
TCGA-GM-A2DA-01Z-00-DX1 46369 2831 0
TCGA-EW-A1PC-01Z-00-DX1 63610 6063 0
TCGA-GM-A2DB-01Z-00-DX1 42856 14345 0
TCGA-EW-A1PD-01Z-00-DX1 87595 42512 0
TCGA-GM-A2DC-01Z-00-DX1 33959 41046 0
TCGA-GM-A2DD-01Z-00-DX1 70363 5663 0
TCGA-GM-A2DF-01Z-00-DX1 84006 32359 0
TCGA-GM-A2DH-01Z-00-DX1 62601 18173 0
TCGA-GM-A2DI-01Z-00-DX1 31300 34390 0
TCGA-GM-A2DK-01Z-00-DX1 27318 14558 0
TCGA-GM-A2DL-01Z-00-DX1 32963 14551 0
TCGA-GM-A2DM-01Z-00-DX1 32952 11531 0
TCGA-GM-A2DN-01Z-00-DX1 70155 28497 0
TCGA-GM-A2DO-01Z-00-DX1 27708 1818 0
TCGA-GM-A3NW-01Z-00-DX1 43904 3237 0
